10 1000.0 13.6725138762 55.1876546487 0 0 
10 1000.0 13.6725138762 55.1876546487 0 0 
10 1000.0 13.6725138762 55.1876546487 0 0 
10 1000.0 13.6725138762 55.1876546487 0 0 
8 1000.0 13.6725138762 42.5123740892 0 2 
8 1000.0 13.6725138762 42.5123740892 0 0 
8 1000.0 13.6725138762 42.5123740892 0 0 
8 1000.0 13.6725138762 60.0 1 1 
8 1000.0 13.6725138762 60.0 0 0 
8 1000.0 13.6725138762 60.0 0 0 
8 1000.0 13.6725138762 60.0 0 0 
9 1000.0 13.6725138762 63.0 1 0 
8 1000.0 13.6725138762 63.0 0 1 
9 1000.0 13.6725138762 63.0 1 0 
9 1000.0 13.6725138762 63.0 0 0 
9 1000.0 13.6725138762 63.0 0 0 
8 1000.0 13.6725138762 63.0 0 1 
7 1000.0 13.6725138762 63.0 0 1 
7 1000.0 13.6725138762 63.0 0 0 
7 1000.0 13.6725138762 63.0 0 0 
8 1000.0 13.6725138762 63.0 1 0 
8 1000.0 13.6725138762 63.0 0 0 
8 1000.0 13.6725138762 63.0 1 1 
8 1000.0 13.6725138762 60.0 1 1 
8 1000.0 13.6725138762 60.0 0 0 
8 1000.0 13.6725138762 60.0 1 1 
8 1000.0 13.6725138762 60.0 0 0 
8 1000.0 13.6725138762 60.0 0 0 
8 1000.0 13.6725138762 60.0 0 0 
8 1000.0 13.6725138762 60.0 0 0 
8 1000.0 13.6725138762 60.0 0 0 
7 1000.0 13.6725138762 60.0 0 1 
7 1000.0 13.6725138762 60.0 0 0 
7 1000.0 13.6725138762 60.0 1 1 
8 1000.0 13.6725138762 60.0 1 0 
8 1000.0 13.6725138762 60.0 0 0 
8 1000.0 13.6725138762 60.0 0 0 
8 1000.0 13.6725138762 59.6904570251 1 1 
7 1000.0 13.6725138762 59.6904570251 0 1 
7 1000.0 13.6725138762 59.6904570251 0 0 
6 1000.0 13.6725138762 59.6904570251 0 1 
6 1000.0 13.6725138762 59.6904570251 0 0 
6 1000.0 13.6725138762 59.6904570251 0 0 
6 1000.0 13.6725138762 59.6904570251 0 0 
6 1000.0 13.6725138762 59.6904570251 0 0 
5 1000.0 13.6725138762 59.6904570251 0 1 
6 1000.0 13.6725138762 63.0 1 0 
6 1000.0 13.6725138762 63.0 0 0 
6 1000.0 13.6725138762 63.0 0 0 
5 1000.0 13.6725138762 63.0 0 1 
6 1000.0 12.3868134852 63.0 1 0 
6 1000.0 12.3868134852 63.0 0 0 
5 1000.0 12.3868134852 59.6904570251 0 1 
5 1000.0 12.3868134852 59.6904570251 0 0 
6 1000.0 12.3868134852 59.6904570251 1 0 
5 1000.0 12.3868134852 23.1501794026 0 1 
6 1000.0 8.65301111299 23.1501794026 1 0 
6 1000.0 8.65301111299 23.1501794026 0 0 
6 1000.0 8.65301111299 23.1501794026 0 0 
7 1000.0 8.65301111299 63.0 1 0 
7 1000.0 8.65301111299 63.0 0 0 
6 1000.0 8.65301111299 63.0 0 1 
7 1000.0 8.65301111299 63.0 1 0 
8 1000.0 8.65301111299 63.0 1 0 
8 1000.0 8.65301111299 63.0 0 0 
8 1000.0 8.65301111299 63.0 0 0 
8 1000.0 8.65301111299 63.0 0 0 
8 1000.0 8.65301111299 63.0 0 0 
7 1000.0 8.65301111299 63.0 0 1 
7 1000.0 8.65301111299 63.0 0 0 
8 1000.0 8.65301111299 63.0 2 1 
8 1000.0 8.65301111299 63.0 0 0 
8 1000.0 8.65301111299 63.0 0 0 
8 1000.0 8.65301111299 63.0 0 0 
7 1000.0 8.65301111299 63.0 0 1 
7 1000.0 8.65301111299 63.0 0 0 
7 1000.0 8.65301111299 63.0 0 0 
7 1000.0 8.65301111299 63.0 0 0 
6 1000.0 8.65301111299 22.4553700039 0 1 
5 1000.0 8.65301111299 22.4553700039 0 1 
5 1000.0 8.65301111299 22.4553700039 0 0 
6 1000.0 8.65301111299 60.0 1 0 
6 1000.0 8.65301111299 60.0 0 0 
6 1000.0 8.65301111299 60.0 0 0 
6 1000.0 8.65301111299 60.0 0 0 
6 1000.0 8.65301111299 60.0 0 0 
6 1000.0 8.65301111299 60.0 0 0 
6 1000.0 8.65301111299 60.0 0 0 
6 1000.0 8.65301111299 60.0 0 0 
7 1000.0 8.65301111299 60.0 1 0 
6 1000.0 8.65301111299 60.0 0 1 
7 1000.0 8.65301111299 60.0 1 0 
7 1000.0 8.65301111299 60.0 0 0 
6 1000.0 8.65301111299 60.0 0 1 
6 1000.0 8.65301111299 60.0 0 0 
5 1000.0 8.65301111299 45.2781125469 0 1 
5 1000.0 8.65301111299 45.2781125469 0 0 
5 1000.0 8.65301111299 45.2781125469 0 0 
5 1000.0 8.65301111299 45.2781125469 0 0 
4 1000.0 8.65301111299 18.5519644775 0 1 
4 1000.0 8.65301111299 18.5519644775 0 0 
4 1000.0 8.65301111299 18.5519644775 0 0 
5 1000.0 8.65301111299 63.0 1 0 
6 1000.0 8.65301111299 63.0 1 0 
6 1000.0 8.65301111299 63.0 0 0 
5 1000.0 8.65301111299 63.0 0 1 
5 1000.0 8.65301111299 63.0 0 0 
4 1000.0 8.65301111299 23.6655458921 0 1 
4 1000.0 8.65301111299 23.6655458921 0 0 
4 1000.0 8.65301111299 23.6655458921 0 0 
4 1000.0 8.65301111299 23.6655458921 0 0 
5 1000.0 8.65301111299 60.0 1 0 
6 1000.0 8.65301111299 60.0 1 0 
6 1000.0 8.65301111299 60.0 0 0 
6 1000.0 8.65301111299 60.0 0 0 
6 1000.0 8.65301111299 60.0 0 0 
6 1000.0 8.65301111299 60.0 0 0 
6 1000.0 8.65301111299 60.0 0 0 
5 1000.0 8.65301111299 60.0 0 1 
6 1000.0 8.65301111299 60.0 1 0 
6 1000.0 8.65301111299 60.0 0 0 
6 1000.0 8.65301111299 60.0 0 0 
6 1000.0 8.65301111299 60.0 0 0 
6 1000.0 8.65301111299 60.0 1 1 
6 1000.0 8.65301111299 60.0 0 0 
6 1000.0 8.65301111299 60.0 0 0 
7 1000.0 8.65301111299 60.0 1 0 
7 1000.0 8.65301111299 60.0 0 0 
7 1000.0 8.65301111299 60.0 0 0 
6 1000.0 8.65301111299 53.3533240816 0 1 
7 1000.0 8.65301111299 58.6725369642 1 0 
7 1000.0 8.65301111299 58.6725369642 0 0 
7 1000.0 8.65301111299 58.6725369642 0 0 
7 1000.0 8.65301111299 58.6725369642 0 0 
6 1000.0 8.65301111299 58.6725369642 0 1 
6 1000.0 8.65301111299 58.6725369642 0 0 
7 1000.0 8.65301111299 58.6725369642 1 0 
7 1000.0 8.65301111299 58.6725369642 0 0 
7 1000.0 8.65301111299 58.6725369642 0 0 
7 1000.0 8.65301111299 53.3533240816 1 1 
8 1000.0 8.65301111299 60.0 1 0 
7 1000.0 8.65301111299 60.0 0 1 
7 1000.0 8.65301111299 60.0 0 0 
7 1000.0 8.65301111299 60.0 0 0 
6 1000.0 8.65301111299 60.0 0 1 
7 1000.0 8.65301111299 63.0 1 0 
7 1000.0 8.65301111299 63.0 0 0 
7 1000.0 8.65301111299 63.0 0 0 
7 1000.0 8.65301111299 63.0 0 0 
7 1000.0 8.65301111299 63.0 0 0 
8 1000.0 8.65301111299 63.0 1 0 
7 1000.0 8.65301111299 60.0 0 1 
6 1000.0 8.65301111299 60.0 0 1 
6 1000.0 8.65301111299 60.0 0 0 
5 1000.0 8.65301111299 60.0 0 1 
5 1000.0 8.65301111299 60.0 0 0 
5 1000.0 8.65301111299 60.0 0 0 
6 1000.0 8.65301111299 60.0 1 0 
6 1000.0 8.65301111299 60.0 0 0 
6 1000.0 8.65301111299 60.0 0 0 
5 1000.0 8.65301111299 60.0 0 1 
5 1000.0 8.65301111299 60.0 0 0 
5 1000.0 8.65301111299 60.0 0 0 
5 1000.0 8.65301111299 60.0 0 0 
4 1000.0 8.65301111299 58.2668185369 0 1 
4 1000.0 8.65301111299 60.0 1 1 
4 1000.0 8.65301111299 60.0 0 0 
4 1000.0 8.65301111299 60.0 0 0 
